rot:
  max: 120.98769007145583
  mean: 120.98769007145583
  median: 120.98769007145583
  min: 120.98769007145583
  num_samples: 2
  rmse: 120.98769007145583
  std: 0.0
scale:
  max: 11.565500154659508
  mean: 11.565500154659508
  median: 11.565500154659508
  min: 11.565500154659508
  num_samples: 2
  rmse: 11.565500154659508
  std: 0.0
trans:
  max: 0.32112151654484283
  mean: 0.32112151654484283
  median: 0.32112151654484283
  min: 0.32112151654484283
  num_samples: 2
  rmse: 0.32112151654484283
  std: 0.0
