rot:
  max: 121.84118131253027
  mean: 121.84118131253027
  median: 121.84118131253027
  min: 121.84118131253027
  num_samples: 2
  rmse: 121.84118131253027
  std: 0.0
scale:
  max: 4.496559762883912
  mean: 4.496559762883912
  median: 4.496559762883912
  min: 4.496559762883912
  num_samples: 2
  rmse: 4.496559762883912
  std: 0.0
trans:
  max: 0.3484179535437088
  mean: 0.3484179535437088
  median: 0.3484179535437088
  min: 0.3484179535437088
  num_samples: 2
  rmse: 0.3484179535437088
  std: 0.0
